kinematics:
  shoulder:
    x: 0
    y: 0
    z: 0.1279733340119607
    roll: -0
    pitch: 0
    yaw: -2.566478121061646e-05
  upper_arm:
    x: -4.348660781334879e-05
    y: 0
    z: 0
    roll: 1.570802341162201
    pitch: 0
    yaw: -8.497550602105045e-05
  forearm:
    x: -0.6122397788289767
    y: 0
    z: 0
    roll: 3.133497968116861
    pitch: 3.140039401001939
    yaw: -3.141534358920565
  wrist_1:
    x: -0.5710918483995133
    y: 0.001798252665374689
    z: 0.1634668213367551
    roll: 3.130592377711651
    pitch: -3.140986006847645
    yaw: 3.141531265729406
  wrist_2:
    x: 2.333957275081654e-05
    y: -0.1156949917572579
    z: 2.404935830677442e-05
    roll: 1.570588458177637
    pitch: 0
    yaw: -4.559648315536011e-05
  wrist_3:
    x: -6.158008240462364e-06
    y: 0.09213442858508471
    z: 1.220676955701396e-05
    roll: 1.570928815482058
    pitch: 3.141592653589793
    yaw: -3.141561505715687
  hash: calib_16177203726134758563